5.000000000000003574e-03 9.486052558527077849e+01
5.273463372868921438e-03 9.336591334143227527e+01
5.561883188998009188e-03 9.188034579148398961e+01
5.866077456271275026e-03 9.041484139605012160e+01
6.186908921611728417e-03 8.897827386672447858e+01
6.525287517879077570e-03 8.757623317157454323e+01
6.882172944594810125e-03 8.620998074064115713e+01
7.258577389814033047e-03 8.487571262531058380e+01
7.655568400863755132e-03 8.356439058402324349e+01
8.074271912089538497e-03 8.226240800422489485e+01
8.515875438197685610e-03 8.095329346962455475e+01
8.981631442249915845e-03 7.962048777133108501e+01
9.472860887862545251e-03 7.825094280505716426e+01
9.990956985685134698e-03 7.683890313592848997e+01
1.053738914478388224e-02 7.538882822106040749e+01
1.111370714013686783e-02 7.391616527646115742e+01
1.172154550806070970e-02 7.244483149345137463e+01
1.236262818203487032e-02 7.100104610237033853e+01
1.303877338207158967e-02 6.960463284513579652e+01
1.375189877149854238e-02 6.826075680822447111e+01
1.450402689577972790e-02 6.695636232456737957e+01
1.529729091880001335e-02 6.566500473600977728e+01
1.613394067288244013e-02 6.436026879182695382e+01
1.701634903969713106e-02 6.303208303888199993e+01
1.794701868015920188e-02 6.169526949090916901e+01
1.892858913240276497e-02 6.038101763914042408e+01
1.996384429796212515e-02 5.911307102783067791e+01
2.105572033739225649e-02 5.788629557893906963e+01
2.220731399772184894e-02 5.667048283733709013e+01
2.342189139535708065e-02 5.544230771752394560e+01
2.470289727934583610e-02 5.421354105916864796e+01
2.605396480127470521e-02 5.301642855299570556e+01
2.747892581950763316e-02 5.185763888286270173e+01
2.898182176699110740e-02 5.070799093942579816e+01
3.056691511344854922e-02 4.955323485508965575e+01
3.223870145447284979e-02 4.842048178182304952e+01
3.400192226180369370e-02 4.732163462666976272e+01
3.586157833095161146e-02 4.622764125830797610e+01
3.782294396430860295e-02 4.513954078087574118e+01
3.989158192997098451e-02 4.408421760010718771e+01
4.207335923870032107e-02 4.303952846604363458e+01
4.437446378376844885e-02 4.200169746295797779e+01
4.680142189088024735e-02 4.099458464748914110e+01
4.936111682794851185e-02 3.999156388898470027e+01
5.206080832721801666e-02 3.900927828303968425e+01
5.490815317510667343e-02 3.804335882943215097e+01
5.791122692816025319e-02 3.708932865576186089e+01
6.107854681671065489e-02 3.615526097441262010e+01
6.441909590119662687e-02 3.523321693503804397e+01
6.794234854965809645e-02 3.432805945030047212e+01
7.165829730866313252e-02 3.343916766415898678e+01
7.557748124387728139e-02 3.256184122870611475e+01
7.971101583065488827e-02 3.170391615885041503e+01
8.407062447942661998e-02 3.085892213001245921e+01
8.866867178529466709e-02 3.002744920954614116e+01
9.351819859613742791e-02 2.921256058921971999e+01
9.863295899868243510e-02 2.841282123158482520e+01
1.040274593274467252e-01 2.762565970831852624e+01
1.097169993071802768e-01 2.685344347513088792e+01
1.157177154454998858e-01 2.609603736127711926e+01
1.220466267987823095e-01 2.535385659611642950e+01
1.287216832411161305e-01 2.462472781549536549e+01
1.357618163732121630e-01 2.390991371403339372e+01
1.431869932156580039e-01 2.320967122037180985e+01
1.510182728388005657e-01 2.252218048940359552e+01
1.592778660898679643e-01 2.184901323522378291e+01
1.679891985867277837e-01 2.118971007842249321e+01
1.771769771569424168e-01 2.054322726289142054e+01
1.868672599105537513e-01 1.991006060816395973e+01
1.970875301453363371e-01 1.929135414558239248e+01
2.078667742941258945e-01 1.868406739707261011e+01
2.192355641352966567e-01 1.809057214231019728e+01
2.312261434995483145e-01 1.751032139855492531e+01
2.438725197189200999e-01 1.694194939616198781e+01
2.572105600773956224e-01 1.638643034718298708e+01
2.712780935366492785e-01 1.584420912132314818e+01
2.861150180254455333e-01 1.531303949521757346e+01
3.017634135969834430e-01 1.479461770062386528e+01
3.182676617751173387e-01 1.428909349872842682e+01
3.356745714279428805e-01 1.379452943244755225e+01
3.540335115257456922e-01 1.331129646739995742e+01
3.733965511598371645e-01 1.284185257944388781e+01
3.938186072193952669e-01 1.238190468168882852e+01
4.153576001451463884e-01 1.193372978310240562e+01
4.380746182016326262e-01 1.149651314897339205e+01
4.620340907339690606e-01 1.107220249617166452e+01
4.873039709004760578e-01 1.065770594412113503e+01
5.139559283994482586e-01 1.025390763152682183e+01
5.420655527366662341e-01 9.862287474251772323e+00
5.717125676101508791e-01 9.478090578303287828e+00
6.029810570201951103e-01 9.108565831151247849e+00
6.359597037459566726e-01 8.745763438635869136e+00
6.707420408649741317e-01 8.394189804810885391e+00
7.074267170289576523e-01 8.052701460158884217e+00
7.461177762482226195e-01 7.720984124723578645e+00
7.869249529782817998e-01 7.398773254618162376e+00
8.299639833455129123e-01 7.086075684885236647e+00
8.753569333945894204e-01 6.784830238200544095e+00
9.232325452886449568e-01 6.490995009024855378e+00
9.737266024440427437e-01 6.206891800389387370e+00
1.026982314635350724e+00 5.931452095853420481e+00
1.083150724162733169e+00 5.664122721186872766e+00
1.142391134233723626e+00 5.405987061815542560e+00
1.204871560774344319e+00 5.156978473983350852e+00
1.270769208950982332e+00 4.915526754173681567e+00
1.340270975754522809e+00 4.682207614345935909e+00
1.413573980072152292e+00 4.457987044714858627e+00
1.490886121750206739e+00 4.240587404632434776e+00
1.572426671233661200e+00 4.030940226207368582e+00
1.658426891454581664e+00 3.829873747381386195e+00
1.749130693733318642e+00 3.635006066559977267e+00
1.844795329552691543e+00 3.447631446523303556e+00
1.945692120167152872e+00 3.268421873813851519e+00
2.052107226116230088e+00 3.095139471786296781e+00
2.164342458824715099e+00 2.928596007678204050e+00
2.282716136591437905e+00 2.769686581633909128e+00
2.407563987394357952e+00 2.616078220630016382e+00
2.539240101072478328e+00 2.469350388182391498e+00
2.678117933585134836e+00 2.329354375404420807e+00
2.824591366196920195e+00 2.194102911185347615e+00
2.979075822592247569e+00 2.065350842756024097e+00
3.142009447087912299e+00 1.942339313251356225e+00
3.313854347285245083e+00 1.825021716111371761e+00
3.495097904686235157e+00 1.712987779578101888e+00
3.686254156990752762e+00 1.605921474820205530e+00
3.887865255995305080e+00 1.504492464400610574e+00
4.100503005228175901e+00 1.407401013476478280e+00
4.324770481681943224e+00 1.315606660929244054e+00
4.561303746242878709e+00 1.228225424245187103e+00
4.810773647668320940e+00 1.145457614788543799e+00
5.073887725228378720e+00 1.066421406820583062e+00
5.351392215408209196e+00 9.926115807377304812e-01
5.644074168362210209e+00 9.221300752415663160e-01
5.952763680122743040e+00 8.560586179763246539e-01
6.278336246894334671e+00 7.926109990904401936e-01
6.621715248110517038e+00 7.339449123732779690e-01
6.983874565295685954e+00 6.773578893359513131e-01
7.365841344159528070e+00 6.259573054595769515e-01
7.768698907757766392e+00 5.771831490640392248e-01
8.193589828981462375e+00 5.305740495404157597e-01
8.641719171089009777e+00 4.872022994455877387e-01
9.114357905471408117e+00 4.470945558053779911e-01
9.612846516344347947e+00 4.090277703201530834e-01
1.013859880259049895e+01 3.742852936045134582e-01
1.069310588753473468e+01 3.413617177678874848e-01
1.127794044802468143e+01 3.108244319598330585e-01
1.189476117481100736e+01 2.829376327765254495e-01
1.254531747687782151e+01 2.566247127885747936e-01
1.323145444306550012e+01 2.322743719210663416e-01
1.395511807505792667e+01 2.102863883707499215e-01
1.471836080657579515e+01 1.894657846188499695e-01
1.552334732442937693e+01 1.704653616049753850e-01
1.637236070794019227e+01 1.533920658980778007e-01
1.726780890414418224e+01 1.372577509445734867e-01
1.821223155714080733e+01 1.225391001519405415e-01
1.920830721095792271e+01 1.097239135021398637e-01
2.025886090636008774e+01 9.728121545362700129e-02
2.136687219314720565e+01 8.616528927106048563e-02
2.253548358066661095e+01 7.662729864147421743e-02
2.376800945050687730e+01 6.730116152220511072e-02
2.506794545665004037e+01 5.917641430877693814e-02
2.643897843974398398e+01 5.172889927442125835e-02
2.788499688361216045e+01 4.544138747183636834e-02
2.941010194365855668e+01 3.944867114120825802e-02
3.101861907844484634e+01 3.441975431488098619e-02
3.271511031743041542e+01 2.962015511570729315e-02
3.450438719966704326e+01 2.542011691236947812e-02
3.639152442014628974e+01 2.199914024106440491e-02
3.838187422250121728e+01 1.869206557308406708e-02
4.048108157888440672e+01 1.565665070362765726e-02
4.269510020007307816e+01 1.311806202802164381e-02
4.503020942121072068e+01 1.126427133219730717e-02
4.749303201107436934e+01 9.116250242379437055e-03
5.009055295537830688e+01 7.797057027068333285e-03
5.283013926738773591e+01 6.211496382392857341e-03
5.571956088202659174e+01 4.955175042227926915e-03
5.876701269274144579e+01 3.878359591769290314e-03
6.198113779361891318e+01 3.269721011191530947e-03
6.537105199267821831e+01 2.123172341891632620e-03
6.894636966585959215e+01 1.846291269916860902e-03
7.271723102503830205e+01 1.443155579442687844e-03
7.669433087739730581e+01 5.735850549956273466e-04
8.088894895772894245e+01 1.607767034462036920e-04
8.531298191968933509e+01 2.442863166961949020e-04
8.997897707674206913e+01 5.800038054747388245e-04
9.490016798848218116e+01 1.080476025298346019e-03
1.000905119932737364e+02 1.537570581969285735e-03
1.055647297936451423e+02 1.094410885769906945e-03
1.113383472067184812e+02 3.853510692550469324e-04
1.174277391980783563e+02 -8.048816615274529546e-05
1.238501763239741109e+02 -4.565913076932485992e-04
1.306238737135668373e+02 -6.528111554997620414e-04
1.377680427301500856e+02 -5.800586885600818310e-04
1.453029454578571631e+02 -5.998853117167709734e-04
1.532499521683958505e+02 -6.322432187962471768e-04
1.616316019307899694e+02 -5.121264060758698791e-04
1.704716665360298578e+02 -4.545245222852248215e-04
1.797952179179356733e+02 -4.067230868884602417e-04
1.896286992614436713e+02 -4.133368925966147186e-04
1.999999999999998579e+02 -4.375728224153649804e-04
