1.309999999999999994e-05 6.354210437054521776e+01
1.399999999999999979e-05 6.772758330280885275e+01
1.509999999999999942e-05 7.282812589271426873e+01
1.620000000000000075e-05 7.791385277572099710e+01
1.749999999999999847e-05 8.390675948030099107e+01
1.900000000000000105e-05 9.079934947285839542e+01
2.069999999999999832e-05 9.858472511815369899e+01
2.250000000000000142e-05 1.068002563874452875e+02
2.460000000000000164e-05 1.163520263845711327e+02
2.689999999999999995e-05 1.267761021056442701e+02
2.949999999999999877e-05 1.385169431731094960e+02
3.240000000000000150e-05 1.515635858978983208e+02
3.559999999999999797e-05 1.659056478194602562e+02
3.910000000000000172e-05 1.815331738118708245e+02
4.300000000000000165e-05 1.988806757903780635e+02
4.729999999999999775e-05 2.179342889903076639e+02
5.220000000000000166e-05 2.395621067741053594e+02
5.750000000000000174e-05 2.628635588110431058e+02
6.339999999999999607e-05 2.887001036149349034e+02
6.990000000000000499e-05 3.170513947587284633e+02
7.710000000000000382e-05 3.483324273901436072e+02
8.500000000000000611e-05 3.825157423013163225e+02
9.380000000000000317e-05 4.204406506357868807e+02
1.039999999999999936e-04 4.642173391735961445e+02
1.140000000000000063e-04 5.069617210726592020e+02
1.259999999999999998e-04 5.580509104079927738e+02
1.389999999999999905e-04 6.131650485727132036e+02
1.540000000000000028e-04 6.764812606701350433e+02
1.700000000000000122e-04 7.437238556155438118e+02
1.869999999999999917e-04 8.148651658750948172e+02
2.069999999999999900e-04 8.981902714687824982e+02
2.280000000000000126e-04 9.852837441313151885e+02
2.519999999999999996e-04 1.084355348074513131e+03
2.779999999999999811e-04 1.191158485743152823e+03
3.069999999999999812e-04 1.309694152031858721e+03
3.390000000000000001e-04 1.439800189465353697e+03
3.750000000000000078e-04 1.585358086749656195e+03
4.139999999999999800e-04 1.742129753873781283e+03
4.569999999999999952e-04 1.913917415642907145e+03
5.039999999999999992e-04 2.100467187991893297e+03
5.569999999999999864e-04 2.309370088164031586e+03
6.149999999999999868e-04 2.536215300202285107e+03
6.790000000000000245e-04 2.784494164733893740e+03
7.500000000000000156e-04 3.057502501749452676e+03
8.279999999999999600e-04 3.354552243786170948e+03
9.139999999999999904e-04 3.678678138994475376e+03
1.010000000000000047e-03 4.036354065127522972e+03
1.110000000000000092e-03 4.404224310378548580e+03
1.229999999999999974e-03 4.839681842103787858e+03
1.360000000000000098e-03 5.304082282482507253e+03
1.500000000000000031e-03 5.795754144091597482e+03
1.660000000000000017e-03 6.347184045289916867e+03
1.830000000000000029e-03 6.920807486463061650e+03
2.020000000000000094e-03 7.547132622533994436e+03
2.230000000000000211e-03 8.221840061566657823e+03
2.459999999999999947e-03 8.939794506294463645e+03
2.720000000000000195e-03 9.725588426384540071e+03
3.000000000000000062e-03 1.054202656456462137e+04
3.320000000000000034e-03 1.143808578372550255e+04
3.660000000000000059e-03 1.234806960351336238e+04
4.049999999999999781e-03 1.334090514702416112e+04
4.470000000000000015e-03 1.435052669309623889e+04
4.930000000000000354e-03 1.538935340229965004e+04
5.449999999999999983e-03 1.648358674847795191e+04
6.009999999999999717e-03 1.757146738794357589e+04
6.640000000000000069e-03 1.869037916801436222e+04
7.329999999999999710e-03 1.979650159621655257e+04
8.099999999999999561e-03 2.088967608398309676e+04
8.940000000000000030e-03 2.192939618794295529e+04
9.870000000000000301e-03 2.290940109040958123e+04
1.089999999999999997e-02 2.380350018722750247e+04
1.200000000000000025e-02 2.455665391619442380e+04
1.329999999999999932e-02 2.520743669636180130e+04
1.469999999999999953e-02 2.564569749407529525e+04
1.619999999999999912e-02 2.586025542665107787e+04
1.789999999999999925e-02 2.583155068355163530e+04
1.980000000000000163e-02 2.551896971650548585e+04
2.179999999999999993e-02 2.493763491087740840e+04
2.409999999999999989e-02 2.403384323032942484e+04
2.659999999999999865e-02 2.286467863242125168e+04
2.939999999999999905e-02 2.144086602475196560e+04
3.239999999999999825e-02 1.989492816355433024e+04
3.579999999999999849e-02 1.823243981458554481e+04
3.960000000000000325e-02 1.658209556128574332e+04
4.370000000000000273e-02 1.510818379826288583e+04
4.809999999999999692e-02 1.386914863610342036e+04
5.240000000000000213e-02 1.295518181882774297e+04
5.680000000000000326e-02 1.223145529622168578e+04
6.119999999999999746e-02 1.162795159698124371e+04
6.550000000000000266e-02 1.107539836570864281e+04
6.990000000000000380e-02 1.048725925345126598e+04
7.430000000000000493e-02 9.845679790253085230e+03
7.860000000000000320e-02 9.169412873519268032e+03
8.300000000000000433e-02 8.449712258133185969e+03
8.740000000000000546e-02 7.738527511182668604e+03
9.170000000000000373e-02 7.092024491134840900e+03
9.719999999999999474e-02 6.373320823123362970e+03
1.029999999999999943e-01 5.781128015542301910e+03
1.079999999999999988e-01 5.402274143137173269e+03
1.130000000000000032e-01 5.120607434838388144e+03
1.189999999999999947e-01 4.869144616011554717e+03
1.239999999999999991e-01 4.687549706648325810e+03
1.300000000000000044e-01 4.460849571057822686e+03
1.350000000000000089e-01 4.242573068038252131e+03
1.409999999999999865e-01 3.947704324033079956e+03
1.459999999999999909e-01 3.685410977330781407e+03
1.509999999999999953e-01 3.425912269072035087e+03
1.570000000000000007e-01 3.142328384513690253e+03
1.620000000000000051e-01 2.939179785950078440e+03
1.680000000000000104e-01 2.745761129140707453e+03
1.729999999999999871e-01 2.625876205523832141e+03
1.789999999999999925e-01 2.510878968003329192e+03
1.839999999999999969e-01 2.431918843117648066e+03
1.890000000000000013e-01 2.356045616223188972e+03
1.950000000000000067e-01 2.259399743516357830e+03
2.000000000000000111e-01 2.168844095573537288e+03
2.059999999999999887e-01 2.050515387762884984e+03
2.109999999999999931e-01 1.946858926798719494e+03
2.169999999999999984e-01 1.826437679891545258e+03
2.220000000000000029e-01 1.734918764171894964e+03
2.280000000000000082e-01 1.636150087691368753e+03
2.330000000000000127e-01 1.570499895766475902e+03
2.379999999999999893e-01 1.513753641792992312e+03
2.439999999999999947e-01 1.456170176556677688e+03
2.489999999999999991e-01 1.414087708296878191e+03
2.550000000000000044e-01 1.364784372325867935e+03
2.600000000000000089e-01 1.322725562880666075e+03
2.660000000000000142e-01 1.270107748239680177e+03
2.710000000000000187e-01 1.223887389903223266e+03
2.760000000000000231e-01 1.177116705826887028e+03
2.819999999999999729e-01 1.122099272517316876e+03
2.869999999999999774e-01 1.079388382038830059e+03
2.929999999999999827e-01 1.031928000074794227e+03
2.979999999999999871e-01 9.970979709508229689e+02
3.039999999999999925e-01 9.612559245903435112e+02
3.089999999999999969e-01 9.333792289367540889e+02
3.140000000000000013e-01 9.079665117862692796e+02
3.200000000000000067e-01 8.787251491800949452e+02
3.250000000000000111e-01 8.546909964757439866e+02
3.310000000000000164e-01 8.253538027220334925e+02
3.360000000000000209e-01 8.008059061804813155e+02
3.420000000000000262e-01 7.715318683496832364e+02
3.469999999999999751e-01 7.472979673081487135e+02
3.519999999999999796e-01 7.250609480484558844e+02
3.579999999999999849e-01 6.991658629702402550e+02
3.629999999999999893e-01 6.790984278926222260e+02
3.689999999999999947e-01 6.575808609089157244e+02
3.739999999999999991e-01 6.406220761590395796e+02
3.800000000000000044e-01 6.213958665869267861e+02
3.850000000000000089e-01 6.059956170618834221e+02
3.900000000000000133e-01 5.910271979515931662e+02
3.960000000000000187e-01 5.732885959211489535e+02
4.010000000000000231e-01 5.587310635342606702e+02
4.069999999999999729e-01 5.416218909883315291e+02
4.119999999999999774e-01 5.278736430552297634e+02
4.179999999999999827e-01 5.117832560960106321e+02
4.229999999999999871e-01 4.988006018289858048e+02
4.279999999999999916e-01 4.868557251788126905e+02
4.339999999999999969e-01 4.729332345851993296e+02
4.390000000000000013e-01 4.617007684954238584e+02
4.450000000000000067e-01 4.491977089606468780e+02
4.500000000000000111e-01 4.392267472309456480e+02
4.560000000000000164e-01 4.275415753732571602e+02
4.610000000000000209e-01 4.179806852206303347e+02
4.660000000000000253e-01 4.087140797471143969e+02
4.719999999999999751e-01 3.979047111289817167e+02
4.769999999999999796e-01 3.890706376193742813e+02
4.829999999999999849e-01 3.787421045314370076e+02
4.879999999999999893e-01 3.702556148947990096e+02
4.939999999999999947e-01 3.610111179583961416e+02
4.989999999999999991e-01 3.533840481907081426e+02
5.040000000000000036e-01 3.459162320646728972e+02
5.100000000000000089e-01 3.373324675327405657e+02
5.150000000000000133e-01 3.305973150064531296e+02
5.210000000000000187e-01 3.226688685359242186e+02
5.260000000000000231e-01 3.161647598344279686e+02
5.320000000000000284e-01 3.086322575967815283e+02
5.370000000000000329e-01 3.024802142922213193e+02
5.420000000000000373e-01 2.965650827315010361e+02
5.480000000000000426e-01 2.896268402857285764e+02
5.530000000000000471e-01 2.839942081338405160e+02
5.590000000000000524e-01 2.773259956390734260e+02
5.639999999999999458e-01 2.721003679371979160e+02
5.699999999999999512e-01 2.660510580467849309e+02
5.749999999999999556e-01 2.610747505903226511e+02
5.799999999999999600e-01 2.561460144067263514e+02
5.829999999999999627e-01 2.531887726965686056e+02
5.889999999999999680e-01 2.478155470240027398e+02
5.949999999999999734e-01 2.425109314884755065e+02
6.009999999999999787e-01 2.372897096684571352e+02
6.069999999999999840e-01 2.320755101598639669e+02
6.129999999999999893e-01 2.272751138519677738e+02
6.189999999999999947e-01 2.225119260062595572e+02
6.260000000000000009e-01 2.171210430702789722e+02
6.320000000000000062e-01 2.125178130785855046e+02
6.380000000000000115e-01 2.082746511210540916e+02
6.450000000000000178e-01 2.033453987386803306e+02
6.510000000000000231e-01 1.993035098460906056e+02
6.580000000000000293e-01 1.945901315455543568e+02
6.640000000000000346e-01 1.908275377580133636e+02
6.710000000000000409e-01 1.864428854714294062e+02
6.780000000000000471e-01 1.822735494067503623e+02
6.850000000000000533e-01 1.781187144972743681e+02
6.909999999999999476e-01 1.747834245516356191e+02
6.979999999999999538e-01 1.708922529483903645e+02
7.049999999999999600e-01 1.672001800882630391e+02
7.129999999999999671e-01 1.630127028263358113e+02
7.199999999999999734e-01 1.595781842783852653e+02
7.269999999999999796e-01 1.561436657304347762e+02
7.339999999999999858e-01 1.528959501889133890e+02
7.419999999999999929e-01 1.491940874019094565e+02
7.489999999999999991e-01 1.461642562910554659e+02
7.570000000000000062e-01 1.427019347107123508e+02
7.640000000000000124e-01 1.398319585618641270e+02
7.720000000000000195e-01 1.365519858203232957e+02
7.800000000000000266e-01 1.335013014110725749e+02
7.870000000000000329e-01 1.308391753432954090e+02
7.950000000000000400e-01 1.279129004717996878e+02
8.030000000000000471e-01 1.250009634987591483e+02
8.110000000000000542e-01 1.223098700799886558e+02
8.199999999999999512e-01 1.193098038567171386e+02
8.279999999999999583e-01 1.167174783852630071e+02
8.359999999999999654e-01 1.141254610852650586e+02
8.449999999999999734e-01 1.114859836525883452e+02
8.529999999999999805e-01 1.091572770213083174e+02
8.619999999999999885e-01 1.065558581937871878e+02
8.699999999999999956e-01 1.042444447117073878e+02
8.790000000000000036e-01 1.019346315643997229e+02
8.880000000000000115e-01 9.965088458997544762e+01
8.970000000000000195e-01 9.736713761555114388e+01
9.060000000000000275e-01 9.508339064112685435e+01
9.150000000000000355e-01 9.305088647287476533e+01
9.240000000000000435e-01 9.102633083906829370e+01
9.330000000000000515e-01 8.903999777913315938e+01
9.429999999999999494e-01 8.683590807575428983e+01
9.519999999999999574e-01 8.501623643824672172e+01
9.619999999999999662e-01 8.299984311336798726e+01
9.709999999999999742e-01 8.127598971613846857e+01
9.809999999999999831e-01 7.936428439674325830e+01
9.909999999999999920e-01 7.754661383283563225e+01
1.000000000000000000e+00 7.591764161158015156e+01
1.010000000000000009e+00 7.423823682910864363e+01
1.020000000000000018e+00 7.258351662690925821e+01
1.030000000000000027e+00 7.095279600095349792e+01
1.040000000000000036e+00 6.932741513401524003e+01
1.050000000000000044e+00 6.784917993207734810e+01
1.060000000000000053e+00 6.641921163486067314e+01
1.070000000000000062e+00 6.498924333764401240e+01
1.080000000000000071e+00 6.355927504042733034e+01
1.100000000000000089e+00 6.094954255233599838e+01
1.110000000000000098e+00 5.969532668268835351e+01
1.120000000000000107e+00 5.846106202118750161e+01
1.129999999999999893e+00 5.723364909363587572e+01
1.139999999999999902e+00 5.609588772719436633e+01
1.149999999999999911e+00 5.495812636075284985e+01
1.159999999999999920e+00 5.387860020466165167e+01
1.169999999999999929e+00 5.281455429435976612e+01
1.189999999999999947e+00 5.074539748774788706e+01
1.199999999999999956e+00 4.973110282022958728e+01
1.209999999999999964e+00 4.881464104272379245e+01
1.219999999999999973e+00 4.789817926521797631e+01
1.229999999999999982e+00 4.698171748771219569e+01
1.250000000000000000e+00 4.517289578455691412e+01
1.260000000000000009e+00 4.438067035682593797e+01
1.270000000000000018e+00 4.358844492909497603e+01
1.290000000000000036e+00 4.200951412540872809e+01
1.300000000000000044e+00 4.122810491513207865e+01
1.310000000000000053e+00 4.051360199487110947e+01
1.320000000000000062e+00 3.979909907461013319e+01
1.340000000000000080e+00 3.842274563950938671e+01
1.350000000000000089e+00 3.774389092874144325e+01
1.360000000000000098e+00 3.709363019186476151e+01
1.379999999999999893e+00 3.581154446361603050e+01
1.389999999999999902e+00 3.522802534473691338e+01
1.409999999999999920e+00 3.406264757797893594e+01
1.419999999999999929e+00 3.348501665413615314e+01
1.429999999999999938e+00 3.290738573029337033e+01
1.449999999999999956e+00 3.186173957318884931e+01
1.459999999999999964e+00 3.136028355593469286e+01
1.479999999999999982e+00 3.035737152142638706e+01
1.489999999999999991e+00 2.985591550417223417e+01
1.510000000000000009e+00 2.893920509863679413e+01
1.520000000000000018e+00 2.849230707440344545e+01
1.540000000000000036e+00 2.762387499173434691e+01
1.550000000000000044e+00 2.719321510181444168e+01
1.570000000000000062e+00 2.637422684183303545e+01
1.590000000000000080e+00 2.558106905961633615e+01
1.600000000000000089e+00 2.521133201120878553e+01
1.620000000000000107e+00 2.447303660035044359e+01
1.629999999999999893e+00 2.411196636044844865e+01
1.649999999999999911e+00 2.338982588064443746e+01
1.669999999999999929e+00 2.274946371853430094e+01
1.679999999999999938e+00 2.243221894363436775e+01
1.699999999999999956e+00 2.179772939383451202e+01
1.719999999999999973e+00 2.116814539193972777e+01
1.739999999999999991e+00 2.061152168190288947e+01
1.750000000000000000e+00 2.033320982688447387e+01
1.770000000000000018e+00 1.978684456898802679e+01
1.790000000000000036e+00 1.924506442909003923e+01
1.810000000000000053e+00 1.874440145675194103e+01
1.820000000000000062e+00 1.849406997058289193e+01
1.840000000000000080e+00 1.801891260277175988e+01
1.860000000000000098e+00 1.755230250697167094e+01
1.879999999999999893e+00 1.710131565132190090e+01
1.899999999999999911e+00 1.665318921173158628e+01
1.919999999999999929e+00 1.625340178169287952e+01
1.939999999999999947e+00 1.585361435165417809e+01
1.959999999999999964e+00 1.545382692161547311e+01
1.979999999999999982e+00 1.506218216660240117e+01
2.000000000000000000e+00 1.471704356223907340e+01
2.020000000000000018e+00 1.437230637895817864e+01
2.040000000000000036e+00 1.402980004398784786e+01
2.060000000000000053e+00 1.369099360572966084e+01
2.080000000000000071e+00 1.338066028564753118e+01
2.100000000000000089e+00 1.307095037198116572e+01
2.120000000000000107e+00 1.277769667972822809e+01
2.140000000000000124e+00 1.248444298747529224e+01
2.160000000000000142e+00 1.220476340229478396e+01
2.180000000000000160e+00 1.192632860422572172e+01
2.209999999999999964e+00 1.154306296547399668e+01
2.229999999999999982e+00 1.129214858447984327e+01
2.250000000000000000e+00 1.104283183226902310e+01
2.270000000000000018e+00 1.079351508005820826e+01
2.299999999999999822e+00 1.046429117473432768e+01
2.319999999999999840e+00 1.024954469907224741e+01
2.339999999999999858e+00 1.003479822341017069e+01
2.370000000000000107e+00 9.716247227812024434e+00
2.390000000000000124e+00 9.524674244974448811e+00
2.410000000000000142e+00 9.333101262136874965e+00
2.439999999999999947e+00 9.055758548389412965e+00
2.459999999999999964e+00 8.872113353845389128e+00
2.490000000000000213e+00 8.612267318560329343e+00
2.509999999999999787e+00 8.440416579683338583e+00
2.540000000000000036e+00 8.202450946059856918e+00
2.560000000000000053e+00 8.045428406802631827e+00
2.589999999999999858e+00 7.814020856995378850e+00
2.609999999999999876e+00 7.660178478877716302e+00
2.640000000000000124e+00 7.453159019964793686e+00
2.669999999999999929e+00 7.251891239451122573e+00
2.689999999999999947e+00 7.117712719108675756e+00
2.720000000000000195e+00 6.916444938595001979e+00
2.750000000000000000e+00 6.737578935695200499e+00
2.779999999999999805e+00 6.561221547050044123e+00
2.799999999999999822e+00 6.446585506955321065e+00
2.830000000000000071e+00 6.274631446813235591e+00
2.859999999999999876e+00 6.114451473209811638e+00
2.890000000000000124e+00 5.955938151125556246e+00
2.919999999999999929e+00 5.808716461907626361e+00
2.950000000000000178e+00 5.661974404431568964e+00
2.979999999999999982e+00 5.520111365254812164e+00
3.009999999999999787e+00 5.378831479474180277e+00
3.040000000000000036e+00 5.253472781697201555e+00
3.069999999999999840e+00 5.128114083920226385e+00
3.100000000000000089e+00 5.002755386143249439e+00
3.129999999999999893e+00 4.877396688366275157e+00
3.160000000000000142e+00 4.768098358130279379e+00
3.189999999999999947e+00 4.659788882795960596e+00
3.229999999999999982e+00 4.516911116575304419e+00
3.259999999999999787e+00 4.410065529383210503e+00
3.290000000000000036e+00 4.312932789772604636e+00
3.319999999999999840e+00 4.215800050162000545e+00
3.359999999999999876e+00 4.093042009765143874e+00
3.390000000000000124e+00 4.001763847394957274e+00
3.419999999999999929e+00 3.914473448886921947e+00
3.459999999999999964e+00 3.798584418484700187e+00
3.490000000000000213e+00 3.720403072414415480e+00
3.529999999999999805e+00 3.616608783073298472e+00
3.560000000000000053e+00 3.538986085884900046e+00
3.600000000000000089e+00 3.435499728635519556e+00
3.640000000000000124e+00 3.346116755158026201e+00
3.669999999999999929e+00 3.279742728803260121e+00
3.709999999999999964e+00 3.191244026996905347e+00
3.750000000000000000e+00 3.102893413217862939e+00
3.779999999999999805e+00 3.043571197687498397e+00
3.819999999999999840e+00 2.964474910313677380e+00
3.859999999999999876e+00 2.888577597315264978e+00
3.899999999999999911e+00 2.813149858537096648e+00
3.939999999999999947e+00 2.742098620100174244e+00
3.979999999999999982e+00 2.671325494819742019e+00
4.019999999999999574e+00 2.606857054958097386e+00
4.059999999999999609e+00 2.542586957443303763e+00
4.099999999999999645e+00 2.479350255437168915e+00
4.139999999999999680e+00 2.416158015037013218e+00
4.179999999999999716e+00 2.360630397233534516e+00
4.230000000000000426e+00 2.292197428133721626e+00
4.269999999999999574e+00 2.237451052853872913e+00
4.309999999999999609e+00 2.182704677574023311e+00
4.349999999999999645e+00 2.134086993751942885e+00
4.400000000000000355e+00 2.073896413875974343e+00
4.440000000000000391e+00 2.027276504979014682e+00
4.490000000000000213e+00 1.969106617482888399e+00
4.530000000000000249e+00 1.926016074134613731e+00
4.580000000000000071e+00 1.872196228047653843e+00
4.620000000000000107e+00 1.832504359082415935e+00
4.669999999999999929e+00 1.782889522875868771e+00
4.719999999999999751e+00 1.734736622578066267e+00
4.759999999999999787e+00 1.696263287397987485e+00
4.809999999999999609e+00 1.653290374911680072e+00
4.860000000000000320e+00 1.611067493472456480e+00
4.910000000000000142e+00 1.568844612033234220e+00
4.959999999999999964e+00 1.526621730594011961e+00
5.009999999999999787e+00 1.489978144076407496e+00
5.059999999999999609e+00 1.453437983070692718e+00
5.110000000000000320e+00 1.417496517826232427e+00
5.160000000000000142e+00 1.381568770651589118e+00
5.209999999999999964e+00 1.348652546522595586e+00
5.259999999999999787e+00 1.315953968386821993e+00
5.320000000000000284e+00 1.278953399744847896e+00
5.370000000000000107e+00 1.248392911730376476e+00
5.429999999999999716e+00 1.213247623679548415e+00
5.480000000000000426e+00 1.184052989328587380e+00
5.530000000000000249e+00 1.157894648718821973e+00
5.589999999999999858e+00 1.126708555807525602e+00
5.650000000000000355e+00 1.095522462896228566e+00
5.700000000000000178e+00 1.069534052136814850e+00
5.759999999999999787e+00 1.042496815082977868e+00
5.820000000000000284e+00 1.015954963803165745e+00
5.879999999999999893e+00 9.894398943960467374e-01
5.940000000000000391e+00 9.629587118338290841e-01
6.000000000000000000e+00 9.392040264732175459e-01
6.059999999999999609e+00 9.154641738886980518e-01
6.120000000000000107e+00 8.929286208095967847e-01
6.179999999999999716e+00 8.703930677304957397e-01
6.240000000000000213e+00 8.491449197186640152e-01
6.299999999999999822e+00 8.279336303809686770e-01
6.370000000000000107e+00 8.053658886998928956e-01
6.429999999999999716e+00 7.862148949141932741e-01
6.490000000000000213e+00 7.672983291639321468e-01
6.559999999999999609e+00 7.452482767198794766e-01
6.629999999999999893e+00 7.260963187583970857e-01
6.690000000000000391e+00 7.098277155278140960e-01
6.759999999999999787e+00 6.908476784254673486e-01
6.830000000000000071e+00 6.718676413231203792e-01
6.900000000000000355e+00 6.550758596519375976e-01
6.969999999999999751e+00 6.383434105947892734e-01
7.040000000000000036e+00 6.222230780790458660e-01
7.110000000000000320e+00 6.061027455633023475e-01
7.179999999999999716e+00 5.911480085212438285e-01
7.250000000000000000e+00 5.762036875817173609e-01
7.320000000000000284e+00 5.624384621055045219e-01
7.400000000000000355e+00 5.467940972720479742e-01
7.469999999999999751e+00 5.334732471681934429e-01
7.549999999999999822e+00 5.182542801675920074e-01
7.620000000000000107e+00 5.066257302749848090e-01
7.700000000000000178e+00 4.933445405542443152e-01
7.780000000000000249e+00 4.800633508335039323e-01
7.849999999999999645e+00 4.684423098278562292e-01
7.929999999999999716e+00 4.567368504865698120e-01
8.009999999999999787e+00 4.452174836918437184e-01
8.089999999999999858e+00 4.339228051699816624e-01
8.169999999999999929e+00 4.226503485652160497e-01
8.259999999999999787e+00 4.109622491406034195e-01
8.339999999999999858e+00 4.006727627332390962e-01
8.419999999999999929e+00 3.910677910081533648e-01
8.509999999999999787e+00 3.803068017065741047e-01
8.589999999999999858e+00 3.711225520036375292e-01
8.679999999999999716e+00 3.608066849715202973e-01
8.769999999999999574e+00 3.516124154381093936e-01
8.859999999999999432e+00 3.424831450309314129e-01
8.939999999999999503e+00 3.343682380023287326e-01
9.029999999999999361e+00 3.252389675951506964e-01
9.130000000000000782e+00 3.164471484185260586e-01
9.220000000000000639e+00 3.086601475923453353e-01
9.310000000000000497e+00 3.009158468270102249e-01
9.400000000000000355e+00 2.931725016350008040e-01
9.500000000000000000e+00 2.853698920812911544e-01
9.589999999999999858e+00 2.784125455741947031e-01
9.689999999999999503e+00 2.710802928384716259e-01
9.789999999999999147e+00 2.637842181525697494e-01
9.890000000000000568e+00 2.568847321052321053e-01
9.980000000000000426e+00 2.506833357426896391e-01
1.009999999999999964e+01 2.431895833607121138e-01
1.019999999999999929e+01 2.370083852273013880e-01
1.030000000000000071e+01 2.308798780330714728e-01
1.040000000000000036e+01 2.247717255123552194e-01
1.050000000000000000e+01 2.195282041230597891e-01
1.059999999999999964e+01 2.142846827337643589e-01
1.069999999999999929e+01 2.090411613444689565e-01
1.080000000000000071e+01 2.037976399551734707e-01
1.090000000000000036e+01 1.990274210232397256e-01
1.100000000000000000e+01 1.943914766010325090e-01
1.109999999999999964e+01 1.898694589972037827e-01
1.130000000000000071e+01 1.810945351887344457e-01
1.140000000000000036e+01 1.769612506535934715e-01
1.150000000000000000e+01 1.728599734747024996e-01
1.159999999999999964e+01 1.690945895861135084e-01
1.169999999999999929e+01 1.653292056975244895e-01
1.180000000000000071e+01 1.616317894266237343e-01
1.200000000000000000e+01 1.544717627077910049e-01
1.209999999999999964e+01 1.512819605632816089e-01
1.219999999999999929e+01 1.480921584187722129e-01
1.230000000000000071e+01 1.449023562742627613e-01
1.240000000000000036e+01 1.417125541297533375e-01
1.259999999999999964e+01 1.359628668985168598e-01
1.269999999999999929e+01 1.331887222428814466e-01
1.280000000000000071e+01 1.304868915582181321e-01
1.290000000000000036e+01 1.277850608735548732e-01
1.309999999999999964e+01 1.227082654463999972e-01
1.319999999999999929e+01 1.202340572841403693e-01
1.330000000000000071e+01 1.179123762785431878e-01
1.350000000000000000e+01 1.133493354370011669e-01
1.359999999999999964e+01 1.111479657631261331e-01
1.369999999999999929e+01 1.089465960892511132e-01
1.390000000000000036e+01 1.049201013508806735e-01
1.400000000000000000e+01 1.029829483970756271e-01
1.419999999999999929e+01 9.910864248946554822e-02
1.430000000000000071e+01 9.717148953566047409e-02
1.450000000000000000e+01 9.380451661426415788e-02
1.459999999999999964e+01 9.214765812798052236e-02
1.469999999999999929e+01 9.050638235122854258e-02
1.490000000000000036e+01 8.722665165899197437e-02
1.500000000000000000e+01 8.574304431096249624e-02
1.519999999999999929e+01 8.278682914271932869e-02
1.530000000000000071e+01 8.139480884413571871e-02
1.550000000000000000e+01 7.861888118487263266e-02
1.569999999999999929e+01 7.597947170250264615e-02
1.580000000000000071e+01 7.466396975020286875e-02
1.600000000000000000e+01 7.227968142135207663e-02
1.610000000000000142e+01 7.110515979805158426e-02
1.630000000000000071e+01 6.876593768855340794e-02
1.650000000000000000e+01 6.648048532557306045e-02
1.660000000000000142e+01 6.548677356761094248e-02
1.680000000000000071e+01 6.349935005168670654e-02
1.700000000000000000e+01 6.151192653576247060e-02
1.710000000000000142e+01 6.051821477780032488e-02
1.730000000000000071e+01 5.870719544247308963e-02
1.750000000000000000e+01 5.694884689097440278e-02
1.769999999999999929e+01 5.526756755360855838e-02
1.780000000000000071e+01 5.442692788492561190e-02
1.800000000000000000e+01 5.283376976172965422e-02
1.819999999999999929e+01 5.126446147159363642e-02
1.839999999999999858e+01 4.984027116305077276e-02
1.860000000000000142e+01 4.842239006904264231e-02
1.869999999999999929e+01 4.772543855906757893e-02
1.889999999999999858e+01 4.633153553911743133e-02
1.910000000000000142e+01 4.508511886018795600e-02
1.930000000000000071e+01 4.388263224649439215e-02
1.950000000000000000e+01 4.268014563280082829e-02
1.969999999999999929e+01 4.147765901910727138e-02
1.989999999999999858e+01 4.041388738306194578e-02
2.010000000000000142e+01 3.936476171756984888e-02
2.030000000000000071e+01 3.834518099664149110e-02
2.050000000000000000e+01 3.732843335258911183e-02
2.069999999999999929e+01 3.638425236391958778e-02
2.089999999999999858e+01 3.544992000139231270e-02
2.110000000000000142e+01 3.457598630080928326e-02
2.130000000000000071e+01 3.371645104285694861e-02
2.160000000000000142e+01 3.246218063271983506e-02
2.180000000000000071e+01 3.163565064559972079e-02
2.200000000000000000e+01 3.090914792107005843e-02
2.219999999999999929e+01 3.018264519654038913e-02
2.239999999999999858e+01 2.945614247201072677e-02
2.269999999999999929e+01 2.837547217139279113e-02
2.289999999999999858e+01 2.775219428977866373e-02
2.310000000000000142e+01 2.712891640816452246e-02
2.339999999999999858e+01 2.620607029922350159e-02
2.360000000000000142e+01 2.559209905868890800e-02
2.380000000000000071e+01 2.503440850502944293e-02
2.410000000000000142e+01 2.420417450642041446e-02
2.430000000000000071e+01 2.368537238142520707e-02
2.460000000000000142e+01 2.291076438051797490e-02
2.480000000000000071e+01 2.241719163507071427e-02
2.510000000000000142e+01 2.168570206234939068e-02
2.530000000000000071e+01 2.124739128232003976e-02
2.560000000000000142e+01 2.059000318014286499e-02
2.580000000000000071e+01 2.015229993215132687e-02
2.610000000000000142e+01 1.949878073595831887e-02
2.630000000000000071e+01 1.912853695006240182e-02
2.660000000000000142e+01 1.857317127121852623e-02
2.689999999999999858e+01 1.801780559237465065e-02
2.710000000000000142e+01 1.764756180647872319e-02
2.739999999999999858e+01 1.714197049266901265e-02
2.769999999999999929e+01 1.664772765258996576e-02
2.800000000000000000e+01 1.617831275683870654e-02
2.819999999999999929e+01 1.586561018776411203e-02
2.850000000000000000e+01 1.541985288286584765e-02
2.880000000000000071e+01 1.498041328609331195e-02
2.910000000000000142e+01 1.457924106609817527e-02
2.939999999999999858e+01 1.418312302794156633e-02
2.969999999999999929e+01 1.379291928434341757e-02
3.000000000000000000e+01 1.340308191297454911e-02
3.030000000000000071e+01 1.306647004132846165e-02
3.060000000000000142e+01 1.273201820557122964e-02
3.089999999999999858e+01 1.239756636981400109e-02
3.119999999999999929e+01 1.206311453405676734e-02
3.150000000000000000e+01 1.176526756962508781e-02
3.180000000000000071e+01 1.147249110919106724e-02
3.220000000000000284e+01 1.109366848956031687e-02
3.250000000000000000e+01 1.081131260158232736e-02
3.279999999999999716e+01 1.055006384606014397e-02
3.310000000000000142e+01 1.028964124431956499e-02
3.350000000000000000e+01 9.966842268131801547e-03
3.379999999999999716e+01 9.728502666812743893e-03
3.420000000000000284e+01 9.419452037965831900e-03
3.450000000000000000e+01 9.188353806841723440e-03
3.479999999999999716e+01 8.985028259305801596e-03
3.520000000000000284e+01 8.716814903716462587e-03
3.560000000000000142e+01 8.448601548127130517e-03
3.589999999999999858e+01 8.247441531435131465e-03
3.629999999999999716e+01 8.013713315667612275e-03
3.660000000000000142e+01 7.840559638841728199e-03
3.700000000000000000e+01 7.613585862528837386e-03
3.739999999999999858e+01 7.387413730240509346e-03
3.779999999999999716e+01 7.181962766954163441e-03
3.810000000000000142e+01 7.027874544489402277e-03
3.850000000000000000e+01 6.835010170700935896e-03
3.889999999999999858e+01 6.644043199932289125e-03
3.929999999999999716e+01 6.461164037265633431e-03
3.970000000000000284e+01 6.278780572044335810e-03
4.010000000000000142e+01 6.117170348167414937e-03
4.050000000000000000e+01 5.956060043565039597e-03
4.089999999999999858e+01 5.794949738962664257e-03
4.129999999999999716e+01 5.633839434360288917e-03
4.170000000000000284e+01 5.495657227353162484e-03
4.210000000000000142e+01 5.359334055286195213e-03
4.260000000000000142e+01 5.189394562009423326e-03
4.300000000000000000e+01 5.053498392293123351e-03
4.339999999999999858e+01 4.931516263132261144e-03
4.389999999999999858e+01 4.780037890289488833e-03
4.429999999999999716e+01 4.665417575408427331e-03
4.470000000000000284e+01 4.550797260527364961e-03
4.520000000000000284e+01 4.414823084220236699e-03
4.570000000000000284e+01 4.280731849436534425e-03
4.610000000000000142e+01 4.184076653588334610e-03
4.660000000000000142e+01 4.063259382598092585e-03
4.700000000000000000e+01 3.967753400088288099e-03
4.750000000000000000e+01 3.848370921951031406e-03
4.800000000000000000e+01 3.745069514046153042e-03
4.850000000000000000e+01 3.643196912033002093e-03
4.900000000000000000e+01 3.541324310019850711e-03
4.950000000000000000e+01 3.439922112478573536e-03
5.000000000000000000e+01 3.350428575514733873e-03
5.050000000000000000e+01 3.261075025584859750e-03
5.100000000000000000e+01 3.175189401867548923e-03
5.150000000000000000e+01 3.089303778150238530e-03
5.200000000000000000e+01 3.009786470714104385e-03
5.250000000000000000e+01 2.930274262009981059e-03
5.300000000000000000e+01 2.857298894619724090e-03
5.360000000000000142e+01 2.770423553533189927e-03
5.410000000000000142e+01 2.699939973594596594e-03
5.470000000000000284e+01 2.615653048072832075e-03
5.520000000000000284e+01 2.554633886655943275e-03
5.579999999999999716e+01 2.481410892955677582e-03
5.629999999999999716e+01 2.420391731538788782e-03
5.689999999999999858e+01 2.347168737838522222e-03
5.750000000000000000e+01 2.283642252996235730e-03
5.800000000000000000e+01 2.230934859844374042e-03
5.860000000000000142e+01 2.169058539768757652e-03
5.920000000000000284e+01 2.107353306269504727e-03
5.979999999999999716e+01 2.050771275490678724e-03
6.039999999999999858e+01 1.994550291112309921e-03
6.100000000000000000e+01 1.942302319985774340e-03
6.160000000000000142e+01 1.890309444779275433e-03
6.220000000000000284e+01 1.840254987563260053e-03
6.289999999999999858e+01 1.782095974826959422e-03
6.350000000000000000e+01 1.738265974656696402e-03
6.409999999999999432e+01 1.694463189574117040e-03
6.479999999999999716e+01 1.643359940311106809e-03
6.540000000000000568e+01 1.599557155228526146e-03
6.609999999999999432e+01 1.555397345872504061e-03
6.679999999999999716e+01 1.512010300504580467e-03
6.740000000000000568e+01 1.475111827722884244e-03
6.809999999999999432e+01 1.432063609477572923e-03
6.879999999999999716e+01 1.393208594643253855e-03
6.950000000000000000e+01 1.354619198193012831e-03
7.020000000000000284e+01 1.318299672362606770e-03
7.090000000000000568e+01 1.282040738561067471e-03
7.159999999999999432e+01 1.247744479100480275e-03
7.229999999999999716e+01 1.213513700065203338e-03
7.300000000000000000e+01 1.182689081954568138e-03
7.379999999999999716e+01 1.147794853238144576e-03
7.450000000000000000e+01 1.117496629123663696e-03
7.529999999999999716e+01 1.082876750055719985e-03
7.600000000000000000e+01 1.057112784860137628e-03
7.679999999999999716e+01 1.027729597308665215e-03
7.759999999999999432e+01 9.983464097571928021e-04
7.829999999999999716e+01 9.726361206496540344e-04
7.909999999999999432e+01 9.463776483747852672e-04
7.990000000000000568e+01 9.204740992159667241e-04
8.070000000000000284e+01 8.956440389957468634e-04
8.150000000000000000e+01 8.709089131714574947e-04
8.240000000000000568e+01 8.448721501089087940e-04
8.320000000000000284e+01 8.218844654654658063e-04
8.400000000000000000e+01 8.009852333826503797e-04
8.490000000000000568e+01 7.775600748158071436e-04
8.570000000000000284e+01 7.572027700864936020e-04
8.659999999999999432e+01 7.343072238150983059e-04
8.740000000000000568e+01 7.166944689418299538e-04
8.829999999999999716e+01 6.969795131622734397e-04
8.920000000000000284e+01 6.772645573827166003e-04
9.009999999999999432e+01 6.575496016031601946e-04
9.100000000000000000e+01 6.402863995929018465e-04
9.190000000000000568e+01 6.231992613581450405e-04
9.290000000000000568e+01 6.047230973212419300e-04
9.379999999999999716e+01 5.881352955428703882e-04
9.470000000000000284e+01 5.729023831490231674e-04
9.570000000000000284e+01 5.560465787576889451e-04
9.659999999999999432e+01 5.420415440917434984e-04
9.759999999999999432e+01 5.265335584236658512e-04
9.859999999999999432e+01 5.115653520274860040e-04
9.959999999999999432e+01 4.966373999634247612e-04
1.010000000000000000e+02 4.782932755952563832e-04
1.020000000000000000e+02 4.652474660884823839e-04
1.030000000000000000e+02 4.522016565817083304e-04
1.040000000000000000e+02 4.397184630922645887e-04
1.050000000000000000e+02 4.286060419611959068e-04
1.060000000000000000e+02 4.175213361641296980e-04
1.070000000000000000e+02 4.065503197983796066e-04
1.080000000000000000e+02 3.956442525918468073e-04
1.090000000000000000e+02 3.857740694331713129e-04
1.100000000000000000e+02 3.759038862744957642e-04
1.110000000000000000e+02 3.665993366028419582e-04
1.120000000000000000e+02 3.573733829282458294e-04
1.130000000000000000e+02 3.484624320856741101e-04
1.150000000000000000e+02 3.313544057839856358e-04
1.160000000000000000e+02 3.235980704871829587e-04
1.170000000000000000e+02 3.158437352987024101e-04
1.180000000000000000e+02 3.081168133595764565e-04
1.190000000000000000e+02 3.003898914204505572e-04
1.200000000000000000e+02 2.935149524272076668e-04
1.220000000000000000e+02 2.804746579707211051e-04
1.230000000000000000e+02 2.739545107424777430e-04
1.240000000000000000e+02 2.674343635142344350e-04
1.250000000000000000e+02 2.615455412970807436e-04
1.270000000000000000e+02 2.501073505013044220e-04
1.280000000000000000e+02 2.446295483195484624e-04
1.290000000000000000e+02 2.391517461377925570e-04
1.300000000000000000e+02 2.339577002916808958e-04
1.320000000000000000e+02 2.238192668547567092e-04
1.330000000000000000e+02 2.192163603183772905e-04
1.340000000000000000e+02 2.146134537819978719e-04
1.360000000000000000e+02 2.055362249260159961e-04
1.370000000000000000e+02 2.010192129900219488e-04
1.390000000000000000e+02 1.931440223604141313e-04
1.400000000000000000e+02 1.892780403358696806e-04
1.410000000000000000e+02 1.854120583113252842e-04
1.430000000000000000e+02 1.777704633838540207e-04
1.440000000000000000e+02 1.744093367873406812e-04
1.460000000000000000e+02 1.677208253597451488e-04
1.470000000000000000e+02 1.644744666728613900e-04
1.490000000000000000e+02 1.580755756527603840e-04
1.500000000000000000e+02 1.550965285147840956e-04
1.520000000000000000e+02 1.492267480750454286e-04
1.530000000000000000e+02 1.465014763284881261e-04
1.550000000000000000e+02 1.410770214514413766e-04
1.560000000000000000e+02 1.384436110290666476e-04
1.580000000000000000e+02 1.332318725936272499e-04
1.590000000000000000e+02 1.309448924184859232e-04
1.610000000000000000e+02 1.263709320682032699e-04
1.630000000000000000e+02 1.217969717179206843e-04
1.640000000000000000e+02 1.195099915427793848e-04
1.660000000000000000e+02 1.155093480964902258e-04
1.680000000000000000e+02 1.116169784382461787e-04
1.690000000000000000e+02 1.096984366201166679e-04
1.710000000000000000e+02 1.058637880808324574e-04
1.730000000000000000e+02 1.024013347483914522e-04
1.740000000000000000e+02 1.006701080821709632e-04
1.760000000000000000e+02 9.739825234875235929e-05
1.780000000000000000e+02 9.418306420011414036e-05
1.800000000000000000e+02 9.112241200281637069e-05
1.810000000000000000e+02 8.959208590416747908e-05
1.830000000000000000e+02 8.679297225191914258e-05
1.850000000000000000e+02 8.409556803385671408e-05
1.870000000000000000e+02 8.139816381579425848e-05
1.890000000000000000e+02 7.870730182286799902e-05
1.910000000000000000e+02 7.644604594721767594e-05
1.930000000000000000e+02 7.418490145961330231e-05
1.950000000000000000e+02 7.192469641458497376e-05
1.970000000000000000e+02 6.970519796040537631e-05
1.990000000000000000e+02 6.770100921002324135e-05
2.010000000000000000e+02 6.571601142220513355e-05
2.030000000000000000e+02 6.382307462871598296e-05
2.050000000000000000e+02 6.194785358584821195e-05
2.070000000000000000e+02 6.017667452858848980e-05
2.090000000000000000e+02 5.842005450847241534e-05
2.110000000000000000e+02 5.683552977356704303e-05
2.130000000000000000e+02 5.525100503866166394e-05
2.150000000000000000e+02 5.368919891470575899e-05
2.170000000000000000e+02 5.212813170272188201e-05
2.190000000000000000e+02 5.075935112190490709e-05
2.220000000000000000e+02 4.877100192272928038e-05
2.240000000000000000e+02 4.744543578994552923e-05
2.260000000000000000e+02 4.611986965716177809e-05
2.280000000000000000e+02 4.494536372725903647e-05
2.310000000000000000e+02 4.321859298180521125e-05
2.330000000000000000e+02 4.211037342427842586e-05
2.350000000000000000e+02 4.100215386675164046e-05
2.380000000000000000e+02 3.945211165820557760e-05
2.400000000000000000e+02 3.843269172720636500e-05
2.430000000000000000e+02 3.703313769677249819e-05
2.450000000000000000e+02 3.610720684662823007e-05
2.470000000000000000e+02 3.520821209950556710e-05
2.500000000000000000e+02 3.386142541734014227e-05
2.520000000000000000e+02 3.308641338435198536e-05
2.550000000000000000e+02 3.192689157279954867e-05
2.580000000000000000e+02 3.076736976124711876e-05
2.600000000000000000e+02 2.999435522021216323e-05
2.630000000000000000e+02 2.899079378463561925e-05
2.650000000000000000e+02 2.833063045631838169e-05
2.680000000000000000e+02 2.735957260627305601e-05
2.710000000000000000e+02 2.639676829464307061e-05
2.730000000000000000e+02 2.581413958106574776e-05
2.760000000000000000e+02 2.494019651069977027e-05
2.790000000000000000e+02 2.412662640770756064e-05
2.820000000000000000e+02 2.332158582324563232e-05
2.850000000000000000e+02 2.255270896143703923e-05
2.870000000000000000e+02 2.204012438689797717e-05
2.900000000000000000e+02 2.134921197231468237e-05
2.930000000000000000e+02 2.067799412581961007e-05
2.960000000000000000e+02 2.000677627932453777e-05
2.990000000000000000e+02 1.933555843282946547e-05
3.020000000000000000e+02 1.876156112647480250e-05
3.050000000000000000e+02 1.820011430761285962e-05
3.080000000000000000e+02 1.764141009555400113e-05
3.110000000000000000e+02 1.708311569830480052e-05
3.150000000000000000e+02 1.641146913055727309e-05
3.180000000000000000e+02 1.591811871157082896e-05
3.210000000000000000e+02 1.545429139407336524e-05
3.240000000000000000e+02 1.499046407657590152e-05
3.270000000000000000e+02 1.455310491665524446e-05
3.310000000000000000e+02 1.397641313445393525e-05
3.340000000000000000e+02 1.359154099347081835e-05
3.370000000000000000e+02 1.320666885248770484e-05
3.410000000000000000e+02 1.269846402037473413e-05
3.440000000000000000e+02 1.231785134892012719e-05
3.480000000000000000e+02 1.188590343723686309e-05
3.510000000000000000e+02 1.156696930436925639e-05
3.550000000000000000e+02 1.114172379387911411e-05
3.580000000000000000e+02 1.082278966101150740e-05
3.620000000000000000e+02 1.044823707830563851e-05
3.650000000000000000e+02 1.017129046154869476e-05
3.690000000000000000e+02 9.816714339751805260e-06
3.730000000000000000e+02 9.464821827930440363e-06
3.770000000000000000e+02 9.141098263112388330e-06
3.800000000000000000e+02 8.898326737356961603e-06
3.840000000000000000e+02 8.603121399557119898e-06
3.880000000000000000e+02 8.312352966149683515e-06
3.920000000000000000e+02 8.029148669619577672e-06
3.960000000000000000e+02 7.746397339420756678e-06
4.000000000000000000e+02 7.505780663400229887e-06
4.040000000000000000e+02 7.265903567928752239e-06
4.080000000000000000e+02 7.026026472457274591e-06
4.120000000000000000e+02 6.786149376985795249e-06
4.160000000000000000e+02 6.580330386470700682e-06
4.200000000000000000e+02 6.376617989652139134e-06
4.250000000000000000e+02 6.128789282691550269e-06
4.290000000000000000e+02 5.931215015237812975e-06
4.330000000000000000e+02 5.752801941479199099e-06
4.370000000000000000e+02 5.574665861897766730e-06
4.420000000000000000e+02 5.368754039461977688e-06
4.460000000000000000e+02 5.206294552061089032e-06
4.510000000000000000e+02 5.011295936111260599e-06
4.550000000000000000e+02 4.856123381533546033e-06
4.600000000000000000e+02 4.686223461651555953e-06
4.650000000000000000e+02 4.519530856983530407e-06
4.690000000000000000e+02 4.386176773249109801e-06
4.740000000000000000e+02 4.219484168581083409e-06
4.790000000000000000e+02 4.080248964579896198e-06
4.830000000000000000e+02 3.969685833878751834e-06
4.880000000000000000e+02 3.832849572593066849e-06
4.930000000000000000e+02 3.696258456493459104e-06
4.980000000000000000e+02 3.574001349866192539e-06
5.030000000000000000e+02 3.453454569419529385e-06
5.080000000000000000e+02 3.340827546002004957e-06
5.130000000000000000e+02 3.229086365988005608e-06
5.190000000000000000e+02 3.102482218891593680e-06
5.240000000000000000e+02 2.997768140755538525e-06
5.290000000000000000e+02 2.906377893585348884e-06
5.340000000000000000e+02 2.815124949987447853e-06
5.400000000000000000e+02 2.706317432993471344e-06
5.450000000000000000e+02 2.615713394228224019e-06
5.510000000000000000e+02 2.525004023282489141e-06
5.560000000000000000e+02 2.450595126168231532e-06
5.620000000000000000e+02 2.361304449631124348e-06
5.670000000000000000e+02 2.286895552516867163e-06
5.730000000000000000e+02 2.208417407291666520e-06
5.790000000000000000e+02 2.131362714887234077e-06
5.850000000000000000e+02 2.058542023252777014e-06
5.910000000000000000e+02 1.985973885217438174e-06
5.960000000000000000e+02 1.930318721202457824e-06
6.020000000000000000e+02 1.863532524384481446e-06
6.090000000000000000e+02 1.793536130346084793e-06
6.150000000000000000e+02 1.734422840105204583e-06
6.210000000000000000e+02 1.676763966231256645e-06
6.270000000000000000e+02 1.619105092357308707e-06
6.330000000000000000e+02 1.570435900101742450e-06
6.400000000000000000e+02 1.514410339041193097e-06
6.460000000000000000e+02 1.466388429560721738e-06
6.530000000000000000e+02 1.410362868500172385e-06
6.590000000000000000e+02 1.369830905836235797e-06
6.660000000000000000e+02 1.322555282645469219e-06
6.730000000000000000e+02 1.277030207608433723e-06
6.790000000000000000e+02 1.238052619071753878e-06
6.860000000000000000e+02 1.196680454510811211e-06
6.930000000000000000e+02 1.155733137734328051e-06
7.000000000000000000e+02 1.118613432084596772e-06
7.070000000000000000e+02 1.081717722428522090e-06
7.140000000000000000e+02 1.046295707015596878e-06
7.210000000000000000e+02 1.010961823203889132e-06
7.290000000000000000e+02 9.762224023240644499e-07
7.360000000000000000e+02 9.462877152772078983e-07
7.430000000000000000e+02 9.163530282303513467e-07
7.510000000000000000e+02 8.821419573196582054e-07
7.580000000000000000e+02 8.572948004449968227e-07
7.660000000000000000e+02 8.290149800993812599e-07
7.740000000000000000e+02 8.012253668332177940e-07
7.810000000000000000e+02 7.769268624226048098e-07
7.890000000000000000e+02 7.520637206204830472e-07
7.970000000000000000e+02 7.275199474919518243e-07
8.050000000000000000e+02 7.048102576025352479e-07
8.130000000000000000e+02 6.822452661210596340e-07
8.210000000000000000e+02 6.596802746395838083e-07
8.300000000000000000e+02 6.342946592229237294e-07
8.380000000000000000e+02 6.117296677414482213e-07
8.460000000000000000e+02 5.891646762599727132e-07
8.550000000000000000e+02 5.637790608433124226e-07
8.640000000000000000e+02 5.383934454266522378e-07
8.720000000000000000e+02 5.158284539451767297e-07
8.810000000000000000e+02 4.904428385285166508e-07
8.900000000000000000e+02 4.650572231118565719e-07
8.990000000000000000e+02 4.396716076951965459e-07
9.080000000000000000e+02 4.142859922785365729e-07
9.170000000000000000e+02 3.889003768618764940e-07
9.260000000000000000e+02 3.635147614452163621e-07
9.350000000000000000e+02 3.381291460285562832e-07
9.450000000000000000e+02 3.099229066767118452e-07
9.540000000000000000e+02 2.845372912600518192e-07
9.640000000000000000e+02 2.563310519082072224e-07
9.740000000000000000e+02 2.281248125563625991e-07
9.830000000000000000e+02 2.027391971397023084e-07
9.930000000000000000e+02 1.745329577878574998e-07
1.000000000000000000e+03 1.547885902415662979e-07
